0
-16 20
120
-16 24
120
-20 24
104
-16 24
104
-16 24
104
4 24
100
4 24
100
4 20
104
4 20
104
4 20
104
-20 20
100
-28 20
100
-36 20
104
-28 20
104
-28 16
104
-20 20
100
-20 20
100
-20 16
104
-20 16
104
-16 16
104
0 20
100
0 16
100
0 16
104
0 16
104
0 16
104
4 16
100
8 12
104
8 12
104
8 12
104
8 12
104
12 12
100
12 12
100
16 12
104
16 8
104
16 8
104
20 12
100
20 12
100
20 12
104
16 8
104
16 8
104
20 8
100
20 8
100
20 8
104
20 8
104
20 8
104
20 4
100
20 4
100
20 4
104
20 4
104
16 4
104
20 4
100
20 4
100
20 4
104
16 4
104
16 4
104
16 4
100
16 8
100
12 8
104
12 8
104
12 8
104
12 8
100
8 8
100
8 12
104
8 12
104
8 12
104
0 12
100
0 16
100
0 16
104
0 16
104
0 16
104
-8 16
100
-8 12
100
-8 16
104
-8 16
104
-12 16
104
-12 16
100
-12 16
100
-12 16
104
-12 16
104
-16 20
104
-16 16
100
-16 16
100
-16 16
104
-16 16
104
-20 12
104
-16 12
100
-20 12
100
-20 16
104
-20 12
104
-20 12
104
-24 12
100
-24 16
100
-24 12
104
-24 12
104
-24 12
104
-24 12
100
-24 12
100
-20 12
104
-20 8
104
-20 8
104
-20 0
100
-20 0
100
-20 0
104
-20 0
104
-16 0
104
-16 4
100
-16 4
100
-16 4
104
-16 4
104
-12 4
104
-16 4
100
-12 4
100
-12 8
104
-12 8
104
-12 8
104
-8 8
100
-4 8
100
-4 12
104
-4 12
104
-4 12
104
4 8
100
4 12
100
8 12
104
8 12
104
8 12
104
16 12
100
16 12
100
16 12
104
16 12
104
20 16
104
24 16
100
24 16
100
24 16
104
24 16
104
24 12
104
24 12
100
24 12
100
24 12
104
24 8
104
20 8
104
20 12
100
20 8
100
16 8
104
16 8
104
16 8
104
8 8
100
8 8
100
8 8
104
4 8
104
4 8
