44
-12 16
44
-12 16
44
-12 16
44
-12 16
44
-12 16
44
-12 16
44
-8 16
44
-8 16
44
-8 12
44
-8 12
92
4 16
44
4 16
44
4 16
44
4 16
44
0 12
44
0 12
44
0 12
44
0 12
44
0 12
44
0 12
92
-20 16
44
-16 12
44
-16 12
44
-16 12
44
-16 12
44
-16 12
44
-16 12
44
-16 12
44
-16 12
44
-16 12
92
-16 12
44
-16 12
44
-12 12
44
-12 12
44
-12 12
44
-12 12
44
-12 12
44
-12 12
44
-12 8
44
-12 8
92
-4 12
44
0 12
44
0 12
44
0 12
44
0 12
44
0 8
44
0 8
44
0 8
44
0 8
44
0 8
92
8 12
44
8 12
44
8 8
44
4 8
44
4 8
44
4 8
44
4 8
44
4 8
44
4 8
44
4 8
92
12 8
44
12 8
44
8 8
44
8 8
44
8 8
44
8 8
44
8 8
44
8 8
44
8 4
44
8 4
92
12 8
44
12 8
44
12 8
44
12 8
44
12 4
44
12 4
44
12 4
44
12 4
44
12 4
44
8 4
92
16 8
44
12 4
44
12 4
44
12 4
44
12 4
44
12 4
44
12 4
44
12 4
44
12 4
44
12 4
92
16 4
44
16 4
44
12 4
44
12 4
44
12 4
44
12 4
44
12 4
44
12 0
44
12 0
44
12 0
92
12 4
44
12 4
44
12 4
44
12 4
44
12 4
44
12 4
44
12 4
44
12 4
44
8 0
44
8 0
92
12 8
44
12 8
44
12 8
44
8 4
44
8 4
44
8 4
44
8 4
44
8 4
44
8 4
44
8 4
92
8 8
44
8 8
44
4 8
44
4 8
44
4 8
44
4 8
44
4 8
44
4 8
44
4 8
44
4 4
92
4 12
44
0 12
44
0 8
44
0 8
44
0 8
44
0 8
44
0 8
44
0 8
44
0 8
44
0 8
92
-8 12
44
-4 12
44
-4 12
44
-4 12
44
-4 12
44
-4 8
44
-4 8
44
-4 8
44
-4 8
44
-4 8
92
-12 12
44
-8 12
44
-8 12
44
-8 12
44
-8 12
44
-8 8
44
-8 8
44
-8 8
44
-8 8
44
-8 8
92
-12 12
44
-12 12
44
-12 12
44
-12 12
44
-12 8
44
-12 8
44
-12 8
44
-8 8
44
-8 8
44
-8 8
92
-16 12
44
-16 8
44
-16 8
44
-12 8
44
-12 8
44
-12 8
44
-12 8
44
-12 8
44
-12 8
44
-12 8
92
-16 8
44
-16 8
44
-16 8
44
-16 8
44
-12 8
44
-12 8
44
-12 8
44
-12 8
44
-12 8
44
-12 4
92
-16 8
44
-16 8
44
-16 8
44
-16 4
44
-12 4
44
-12 4
44
-12 4
44
-12 4
44
-12 4
44
-12 4
92
-16 4
44
-16 4
44
-12 4
44
-12 4
44
-12 4
44
-12 4
44
-12 0
44
-12 0
44
-12 0
44
-12 0
92
-12 4
44
-12 4
44
-12 4
44
-12 4
44
-12 0
44
-12 0
44
-8 0
44
-8 0
44
-8 0
44
-8 0
92
-8 4
44
-8 4
44
-8 4
44
-8 4
44
-8 4
44
-8 4
44
-8 4
44
-8 4
44
-4 4
44
-4 4
92
-4 8
44
-4 8
44
-4 8
44
-4 8
44
-4 8
44
-4 8
44
-4 4
44
-4 4
44
-4 4
44
0 4
92
4 8
44
4 8
44
4 8
44
4 8
44
4 8
44
4 8
44
4 8
44
4 8
44
4 8
44
0 4
92
12 12
44
12 8
44
12 8
44
12 8
44
12 8
44
12 8
44
12 8
44
8 8
44
8 8
44
8 8
92
16 12
44
16 8
44
16 8
44
16 8
44
16 8
44
16 8
44
16 8
44
12 8
44
12 8
44
12 8
92
16 8
44
16 8
44
16 8
44
16 8
44
16 8
44
16 8
44
16 8
44
12 8
44
12 8
44
12 8
92
12 8
44
12 8
44
12 8
44
12 8
44
12 8
44
12 4
44
12 4
44
12 4
44
8 4
44
8 4
92
8 8
44
8 4
44
4 4
44
4 4
44
4 4
44
4 4
44
4 4
44
4 4
44
4 4
44
4 4
