100
0 24
100
0 24
100
-4 16
100
-4 16
160
-8 20
100
-8 24
100
-4 28
100
0 28
160
-12 28
100
-12 28
100
-4 16
100
-4 32
160
-12 28
100
-12 24
100
-8 20
100
-12 28
160
-12 16
100
-12 20
100
-16 16
100
-12 28
160
-8 16
100
-8 16
100
-12 16
100
-16 16
160
-8 16
100
-8 12
100
-8 16
100
-8 16
160
-4 12
100
-4 12
100
0 12
100
0 12
160
8 12
100
4 8
100
8 8
100
8 12
160
16 8
100
16 8
100
16 8
100
8 8
160
12 4
100
20 8
100
20 8
100
12 8
160
16 4
100
16 8
100
12 4
100
12 4
160
8 4
100
8 8
100
8 4
100
8 4
160
0 4
100
0 4
100
0 4
100
0 4
160
-4 4
100
-4 4
100
-4 4
100
-4 0
160
-12 4
100
-8 4
100
-4 4
100
-4 4
160
-8 4
100
-8 4
100
-12 0
100
-12 4
160
-12 4
100
-12 4
100
-8 0
100
-12 0
160
-12 4
100
-16 4
100
-12 0
100
-12 0
160
-12 4
100
-12 4
100
-12 0
100
-12 0
160
-12 4
100
-12 4
100
-12 4
100
-12 0
160
-8 0
100
-12 4
100
-12 4
100
-12 0
160
-8 4
100
-8 4
100
-8 0
100
-8 0
160
-8 4
100
-8 4
100
-4 0
100
-4 0
160
-4 4
100
-4 0
100
-4 0
100
0 0
160
8 4
100
8 4
100
16 4
100
12 0
160
24 8
100
24 4
100
24 0
100
20 0
160
24 4
100
28 4
100
32 0
100
32 0
160
24 8
100
28 4
100
24 0
100
24 0
160
8 0
100
12 4
100
12 4
100
12 4
68
0 0
