96
0 12
96
0 12
96
0 16
92
0 16
96
0 16
96
0 20
96
0 20
92
0 16
96
0 16
96
4 16
96
4 16
92
4 20
96
12 20
96
16 20
96
16 16
92
16 16
96
12 16
96
16 16
96
16 12
92
16 12
96
16 16
96
16 12
96
16 12
92
12 12
96
12 12
96
12 12
96
8 8
92
8 8
96
-4 8
96
-4 8
96
-8 4
92
-8 4
96
-12 8
96
-12 4
96
-12 4
92
-8 4
96
-12 4
96
-12 4
96
-12 8
92
-8 8
96
-8 8
96
-4 8
96
-4 4
92
-4 4
96
0 4
96
0 4
96
0 4
92
0 4
96
0 4
96
0 4
96
0 4
92
0 4
96
8 4
96
8 4
96
8 4
92
8 4
96
8 0
96
8 4
96
12 0
92
12 4
96
12 0
96
12 4
96
8 0
92
8 4
96
8 0
96
8 0
96
8 0
92
8 0
96
0 0
96
-4 0
96
-4 0
92
-4 0
96
0 0
96
-4 0
96
-4 0
92
-4 0
96
0 0
96
-4 0
96
-4 0
92
-4 0
96
-4 0
96
-4 0
96
-8 0
92
-8 0
96
-4 0
96
-4 0
96
-8 0
92
-8 0
96
-8 0
96
-8 0
96
-8 0
92
-8 0
96
-8 0
96
-8 0
96
-8 0
92
-8 0
96
-8 0
96
-8 0
96
-4 0
92
-4 0
96
-8 0
96
-8 0
96
-4 0
92
-4 0
96
-8 0
96
-4 0
96
-4 0
92
-4 0
96
-8 0
96
-8 0
96
-4 0
92
-4 0
96
-4 0
96
-4 0
96
-4 0
92
-4 0
