76
0 16
76
0 12
76
0 16
76
0 12
76
0 12
76
0 20
76
0 20
76
0 16
76
0 20
76
0 16
76
0 20
76
0 20
76
0 20
76
0 20
76
0 24
76
8 20
76
8 20
76
8 20
76
8 20
76
4 20
76
24 24
76
20 20
76
20 16
76
16 16
76
16 16
76
20 16
76
20 16
76
24 16
76
20 12
76
16 12
76
16 8
76
16 8
76
16 8
76
12 8
76
16 8
76
0 8
76
0 8
76
0 8
76
0 8
76
0 4
76
-12 8
76
-12 8
76
-16 8
76
-8 4
76
-8 4
76
-16 8
76
-16 8
76
-16 4
76
-16 4
76
-16 8
76
-12 4
76
-12 4
76
-12 4
76
-12 4
76
-16 8
76
-4 4
76
-4 4
76
0 4
76
0 4
76
0 4
68
8 8
68
4 4
68
4 4
68
4 4
68
4 0
76
8 4
76
8 4
76
8 4
76
8 0
76
8 0
76
12 4
76
12 4
76
12 4
76
8 4
76
8 0
76
12 4
76
12 4
76
8 4
76
8 0
76
8 0
76
8 4
76
8 0
76
8 0
76
8 0
76
4 0
76
8 4
76
4 4
76
4 0
76
4 0
76
4 0
76
-4 4
76
-4 0
76
0 0
76
0 0
76
0 0
76
-4 4
76
-4 0
76
-4 0
76
-4 0
76
0 0
76
-4 4
76
-4 0
76
-4 0
76
-4 0
76
-4 0
76
-8 0
76
-8 0
76
-8 0
76
-4 0
76
-4 0
76
-8 0
76
-8 0
76
-8 0
76
-8 0
76
-8 0
76
-8 -4
76
-8 0
76
-8 0
76
-8 0
76
-8 0
76
-8 0
76
-8 0
76
-8 0
76
-8 0
76
-8 0
68
-8 0
68
-8 0
68
-8 0
68
-8 0
68
-8 0
76
-8 -4
76
-8 0
76
-8 0
76
-4 0
76
-4 0
76
-8 0
76
-8 0
76
-4 0
76
-4 0
76
-4 0
76
-4 0
76
-4 0
76
-4 0
76
-4 0
76
-4 0
76
-4 0
76
0 0
76
0 0
76
0 0
76
0 0
