100
-12 20
100
-12 20
100
-12 20
100
-8 20
100
-8 20
100
-4 24
100
-4 24
100
-4 24
100
-4 20
100
0 20
100
4 20
100
4 20
100
4 20
100
4 20
100
0 20
100
8 20
100
0 20
100
4 20
100
4 20
100
4 16
100
0 16
0
12 16
100
0 16
100
0 16
100
0 16
100
0 16
100
0 16
100
0 16
100
4 16
100
4 12
100
4 12
100
4 12
100
0 12
100
0 12
100
0 12
100
0 12
100
0 12
100
0 12
100
0 12
100
0 12
140
0 12
100
0 12
100
0 12
100
0 12
100
0 12
100
0 12
100
0 8
100
0 8
100
0 8
100
0 8
100
0 8
100
-4 8
100
0 8
100
-4 8
100
0 4
100
4 8
100
0 8
100
0 8
100
0 4
100
0 4
100
0 8
100
4 8
100
0 8
100
4 4
100
4 4
100
0 8
100
8 8
100
8 4
100
0 4
100
8 4
100
0 8
100
8 8
100
8 8
100
8 4
100
0 4
100
4 4
100
4 4
100
0 4
100
0 0
100
0 0
100
0 4
100
0 4
100
0 4
100
0 4
100
0 4
100
0 4
100
-4 4
100
0 4
100
-4 4
100
0 4
100
0 4
100
-4 4
100
-4 4
100
-4 4
100
0 4
100
0 8
100
-4 4
100
0 4
100
0 4
100
0 4
0
0 0
